#	Shape		NS / WS		Vertex(s) Coordinates 
1	Square		NS		(1, 7), (1, 6), (2, 6), (2, 7)
2	Square		WS		(6, 13), (6, 11), (8, 11), (8, 13)
3	Square		NS		(15, 4), (15, 1), (18, 1), (18, 4)
4	Rectangle	NS		(2, 17), (2, 15), (6, 15), (6, 17)
5	Rectangle	WS		(8, 7), (8, 2), (9, 2), (9, 7)
6	Rectangle	NS		(16, 10), (16, 7), (18, 7), (18, 10)
7	Circle		NS		(16, 14)	radius = 3
8	Circle		WS		(11, 11)	radius = 1
9	Circle		NS		(3, 3)	radius = 2
10	Cross		NS		(3, 10), (1, 10), (1, 8), (3, 8), (3, 6), (5, 6), (5, 8), (7, 8), (7, 10), (5, 10), (5, 12), (3, 12)
11	Cross		WS		(8, 17), (7, 17), (7, 16), (8, 16), (8, 15), (10, 15), (10, 16), (13, 16), (13, 17), (10, 17), (10, 18), (8, 18)
12	Cross		NS		(13, 8), (12, 8), (12, 7), (13, 7), (13, 3), (14, 3), (14, 7), (15, 7), (15, 8), (14, 8), (14, 9), (13, 9)



